6
3 3
1 2 3
4 8 -2
1 5 3
3 3
1 2 3
-7 8 -2
1 5 3
7 8
1 1 9 9 9 9 9 9
9 9 -88 1 9 9 9 9
9 9 9 1 1 9 9 9
1 1 1 1 -99 9 9 9
-10 1 8 9 9 1 9 9
9 9 1 1 1 9 1 9
9 9 9 9 9 9 9 1
7 7
1 9 9 1 1 9 9
9 1 9 1 8 1 9
9 1 9 1 9 1 9
9 9 1 1 9 1 9
9 9 9 9 1 9 9
9 9 9 9 9 1 9
9 9 9 9 9 9 1
8 7
1 9 9 1 -10 9 9
1 9 9 1 1 9 9
9 -88 9 1 8 1 9
9 1 1 1 9 1 9
9 9 1 -99 9 1 9
9 9 9 9 1 9 9
9 9 9 9 9 1 9
9 9 9 9 9 9 1
10 7
1 9 -9 -99 -10 9 9
1 9 9 1 10 9 9
1 9 9 1 -10 -69 9
1 9 9 1 1 9 9
9 -88 9 1 8 1 9
9 1 1 1 9 1 9
9 9 1 -99 9 1 9
9 9 9 9 1 9 9
9 9 9 9 9 1 9
9 9 9 9 9 9 1
